image,ALB,BET,DOL,LAG,NoF,OTHER,SHARK,YFT
img_00005.jpg,0.023750252256,0.023750252256,0.023750252256,0.023750252256,0.833748234208,0.023750252256,0.023750252256,0.023750252256
img_00007.jpg,0.0612137217065,0.0612137217065,0.0612137217065,0.0612137217065,0.571503948054,0.0612137217065,0.0612137217065,0.0612137217065
img_00009.jpg,0.677551157433,0.0460641203667,0.0460641203667,0.0460641203667,0.0460641203667,0.0460641203667,0.0460641203667,0.0460641203667
img_00018.jpg,0.768390226592,0.0330871104869,0.0330871104869,0.0330871104869,0.0330871104869,0.0330871104869,0.0330871104869,0.0330871104869
img_00027.jpg,0.289636031973,0.101480566861,0.101480566861,0.101480566861,0.101480566861,0.101480566861,0.101480566861,0.101480566861
img_00030.jpg,0.176218322418,0.0921288976191,0.0921288976191,0.0921288976191,0.0921288976191,0.0921288976191,0.0921288976191,0.271008291867
img_00040.jpg,0.0410812912584,0.0124557181746,0.0410812912584,0.0410812912584,0.0410812912584,0.0410812912584,0.0410812912584,0.741056534275
img_00046.jpg,0.796194358895,0.0291150915864,0.0291150915864,0.0291150915864,0.0291150915864,0.0291150915864,0.0291150915864,0.0291150915864
img_00053.jpg,0.769392873569,0.0329438752044,0.0329438752044,0.0329438752044,0.0329438752044,0.0329438752044,0.0329438752044,0.0329438752044
img_00071.jpg,0.10515936052,0.10515936052,0.10515936052,0.263884476361,0.10515936052,0.10515936052,0.10515936052,0.10515936052
img_00075.jpg,0.061511058607,0.061511058607,0.061511058607,0.061511058607,0.569422589751,0.061511058607,0.061511058607,0.061511058607
img_00102.jpg,0.0388034599124,0.0388034599124,0.0388034599124,0.0388034599124,0.0388034599124,0.0388034599124,0.0388034599124,0.728375780613
img_00103.jpg,0.672773786609,0.0467466019129,0.0467466019129,0.0467466019129,0.0467466019129,0.0467466019129,0.0467466019129,0.0467466019129
img_00109.jpg,0.676096137753,0.0462719803209,0.0462719803209,0.0462719803209,0.0462719803209,0.0462719803209,0.0462719803209,0.0462719803209
img_00119.jpg,0.0406639074591,0.0406639074591,0.0406639074591,0.0406639074591,0.0406639074591,0.0406639074591,0.0406639074591,0.715352647786
img_00120.jpg,0.125,0.125,0.125,0.125,0.125,0.125,0.125,0.125
img_00125.jpg,0.776589137428,0.0319158375102,0.0319158375102,0.0319158375102,0.0319158375102,0.0319158375102,0.0319158375102,0.0319158375102
img_00128.jpg,0.0251435986571,0.0251435986571,0.0251435986571,0.0251435986571,0.0251435986571,0.0251435986571,0.0251435986571,0.823994809401
img_00129.jpg,0.0764953866963,0.464532293126,0.0764953866963,0.0764953866963,0.0764953866963,0.0764953866963,0.0764953866963,0.0764953866963
img_00133.jpg,0.026111191826,0.026111191826,0.026111191826,0.026111191826,0.817221657218,0.026111191826,0.026111191826,0.026111191826
img_00138.jpg,0.785751266821,0.0306069618826,0.0306069618826,0.0306069618826,0.0306069618826,0.0306069618826,0.0306069618826,0.0306069618826
img_00141.jpg,0.0219597664066,0.0219597664066,0.0219597664066,0.0219597664066,0.0219597664066,0.0219597664066,0.0219597664066,0.846281635154
img_00152.jpg,0.0229226232289,0.0229226232289,0.0229226232289,0.0229226232289,0.0229226232289,0.0229226232289,0.0229226232289,0.839541637398
img_00161.jpg,0.0258675701574,0.0258675701574,0.0258675701574,0.0258675701574,0.0258675701574,0.0258675701574,0.0258675701574,0.818927008898
img_00164.jpg,0.0204379898253,0.0204379898253,0.0204379898253,0.0204379898253,0.856934071223,0.0204379898253,0.0204379898253,0.0204379898253
img_00170.jpg,0.40602130813,0.0271027027603,0.0271027027603,0.431362475309,0.0271027027603,0.0271027027603,0.0271027027603,0.0271027027603
img_00171.jpg,0.116197288801,0.116197288801,0.116197288801,0.116197288801,0.116197288801,0.186618978394,0.116197288801,0.116197288801
img_00172.jpg,0.0240720735335,0.0240720735335,0.0240720735335,0.0240720735335,0.831495485266,0.0240720735335,0.0240720735335,0.0240720735335
img_00175.jpg,0.0993397793153,0.0993397793153,0.0993397793153,0.0993397793153,0.0993397793153,0.304621544793,0.0993397793153,0.0993397793153
img_00180.jpg,0.0321639632186,0.0321639632186,0.0321639632186,0.0321639632186,0.0321639632186,0.0321639632186,0.0321639632186,0.77485225747
img_00196.jpg,0.042328299672,0.042328299672,0.042328299672,0.042328299672,0.703701902296,0.042328299672,0.042328299672,0.042328299672
img_00212.jpg,0.125,0.125,0.125,0.125,0.125,0.125,0.125,0.125
img_00223.jpg,0.647773054716,0.0503181350405,0.0503181350405,0.0503181350405,0.0503181350405,0.0503181350405,0.0503181350405,0.0503181350405
img_00230.jpg,0.768999395339,0.0330000863802,0.0330000863802,0.0330000863802,0.0330000863802,0.0330000863802,0.0330000863802,0.0330000863802
img_00232.jpg,0.0619310585556,0.0402073373134,0.0402073373134,0.0402073373134,0.0402073373134,0.0402073373134,0.696824917564,0.0402073373134
img_00244.jpg,0.0923420776669,0.129665417476,0.129665417476,0.129665417476,0.129665417476,0.129665417476,0.129665417476,0.129665417476
img_00272.jpg,0.767607828302,0.0331988816711,0.0331988816711,0.0331988816711,0.0331988816711,0.0331988816711,0.0331988816711,0.0331988816711
img_00280.jpg,0.0298156001495,0.0298156001495,0.0298156001495,0.0298156001495,0.0298156001495,0.0298156001495,0.0298156001495,0.791290798954
img_00282.jpg,0.0493387862892,0.0493387862892,0.0493387862892,0.0493387862892,0.0493387862892,0.654628495976,0.0493387862892,0.0493387862892
img_00285.jpg,0.815043337784,0.0264223803166,0.0264223803166,0.0264223803166,0.0264223803166,0.0264223803166,0.0264223803166,0.0264223803166
img_00289.jpg,0.421528956392,0.0345097738018,0.0345097738018,0.0345097738018,0.371412400797,0.0345097738018,0.0345097738018,0.0345097738018
img_00292.jpg,0.120282023199,0.120282023199,0.120282023199,0.120282023199,0.120282023199,0.120282023199,0.158025837609,0.120282023199
img_00302.jpg,0.0376756097705,0.0376756097705,0.0376756097705,0.0376756097705,0.0376756097705,0.0376756097705,0.0376756097705,0.736270731606
img_00311.jpg,0.735875529859,0.037732067163,0.037732067163,0.037732067163,0.037732067163,0.037732067163,0.037732067163,0.037732067163
img_00320.jpg,0.778787888248,0.0316017302504,0.0316017302504,0.0316017302504,0.0316017302504,0.0316017302504,0.0316017302504,0.0316017302504
img_00331.jpg,0.275917468344,0.103440361665,0.103440361665,0.103440361665,0.103440361665,0.103440361665,0.103440361665,0.103440361665
img_00358.jpg,0.0977310916298,0.0977310916298,0.0977310916298,0.0977310916298,0.0977310916298,0.315882358592,0.0977310916298,0.0977310916298
img_00374.jpg,0.0334973868054,0.765518292363,0.0334973868054,0.0334973868054,0.0334973868054,0.0334973868054,0.0334973868054,0.0334973868054
img_00375.jpg,0.760050091931,0.0342785582956,0.0342785582956,0.0342785582956,0.0342785582956,0.0342785582956,0.0342785582956,0.0342785582956
img_00376.jpg,0.804244450786,0.0279650784591,0.0279650784591,0.0279650784591,0.0279650784591,0.0279650784591,0.0279650784591,0.0279650784591
img_00380.jpg,0.764504263294,0.0336422481008,0.0336422481008,0.0336422481008,0.0336422481008,0.0336422481008,0.0336422481008,0.0336422481008
img_00383.jpg,0.775919729198,0.0320114672575,0.0320114672575,0.0320114672575,0.0320114672575,0.0320114672575,0.0320114672575,0.0320114672575
img_00398.jpg,0.111300375695,0.111300375695,0.111300375695,0.111300375695,0.220897370136,0.111300375695,0.111300375695,0.111300375695
img_00407.jpg,0.630551806089,0.0527783134159,0.0527783134159,0.0527783134159,0.0527783134159,0.0527783134159,0.0527783134159,0.0527783134159
img_00417.jpg,0.0287640997291,0.0287640997291,0.0287640997291,0.0287640997291,0.0287640997291,0.0287640997291,0.0287640997291,0.798651301896
img_00432.jpg,0.0328010901835,0.0328010901835,0.0328010901835,0.0328010901835,0.770392368716,0.0328010901835,0.0328010901835,0.0328010901835
img_00442.jpg,0.0214819308516,0.0214819308516,0.0214819308516,0.0214819308516,0.0214819308516,0.0214819308516,0.0214819308516,0.849626484039
img_00446.jpg,0.78169594725,0.0311862932501,0.0311862932501,0.0311862932501,0.0311862932501,0.0311862932501,0.0311862932501,0.0311862932501
img_00469.jpg,0.717763186626,0.0403195447677,0.0403195447677,0.0403195447677,0.0403195447677,0.0403195447677,0.0403195447677,0.0403195447677
img_00473.jpg,0.664674249032,0.0479036787097,0.0479036787097,0.0479036787097,0.0479036787097,0.0479036787097,0.0479036787097,0.0479036787097
img_00483.jpg,0.751248766378,0.0355358905174,0.0355358905174,0.0355358905174,0.0355358905174,0.0355358905174,0.0355358905174,0.0355358905174
img_00484.jpg,0.125,0.125,0.125,0.125,0.125,0.125,0.125,0.125
img_00486.jpg,0.625839858724,0.0534514487537,0.0534514487537,0.0534514487537,0.0534514487537,0.0534514487537,0.0534514487537,0.0534514487537
img_00487.jpg,0.0225548014862,0.0225548014862,0.0225548014862,0.0225548014862,0.842116389597,0.0225548014862,0.0225548014862,0.0225548014862
img_00493.jpg,0.0495633540177,0.0495633540177,0.0495633540177,0.0495633540177,0.653056521876,0.0495633540177,0.0495633540177,0.0495633540177
img_00518.jpg,0.815713252618,0.0263266781974,0.0263266781974,0.0263266781974,0.0263266781974,0.0263266781974,0.0263266781974,0.0263266781974
img_00533.jpg,0.601160837581,0.0613036361313,0.0613036361313,0.0613036361313,0.0613036361313,0.0613036361313,0.0613036361313,0.0310173456312
img_00538.jpg,0.749434166104,0.035795119128,0.035795119128,0.035795119128,0.035795119128,0.035795119128,0.035795119128,0.035795119128
img_00543.jpg,0.746926202422,0.036153399654,0.036153399654,0.036153399654,0.036153399654,0.036153399654,0.036153399654,0.036153399654
img_00550.jpg,0.0334986620493,0.0334986620493,0.0334986620493,0.0334986620493,0.765509365655,0.0334986620493,0.0334986620493,0.0334986620493
img_00551.jpg,0.775968074937,0.0320045607232,0.0320045607232,0.0320045607232,0.0320045607232,0.0320045607232,0.0320045607232,0.0320045607232
img_00564.jpg,0.0209547005192,0.0209547005192,0.0209547005192,0.0209547005192,0.853317096366,0.0209547005192,0.0209547005192,0.0209547005192
img_00575.jpg,0.118404775787,0.125942174888,0.125942174888,0.125942174888,0.125942174888,0.125942174888,0.125942174888,0.125942174888
img_00582.jpg,0.619400182564,0.0543714024909,0.0543714024909,0.0543714024909,0.0543714024909,0.0543714024909,0.0543714024909,0.0543714024909
img_00584.jpg,0.0620213902487,0.0620213902487,0.0620213902487,0.0620213902487,0.565850268259,0.0620213902487,0.0620213902487,0.0620213902487
img_00587.jpg,0.0362016965236,0.0362016965236,0.0362016965236,0.0362016965236,0.0362016965236,0.0362016965236,0.0362016965236,0.746588124335
img_00590.jpg,0.204993117486,0.113572411788,0.113572411788,0.113572411788,0.113572411788,0.113572411788,0.113572411788,0.113572411788
img_00591.jpg,0.0268378091787,0.0268378091787,0.0268378091787,0.0268378091787,0.0268378091787,0.812135335749,0.0268378091787,0.0268378091787
img_00598.jpg,0.811351540634,0.0269497799095,0.0269497799095,0.0269497799095,0.0269497799095,0.0269497799095,0.0269497799095,0.0269497799095
img_00599.jpg,0.125,0.125,0.125,0.125,0.125,0.125,0.125,0.125
img_00612.jpg,0.782130362804,0.0311242338851,0.0311242338851,0.0311242338851,0.0311242338851,0.0311242338851,0.0311242338851,0.0311242338851
img_00618.jpg,0.818913188271,0.0258695445328,0.0258695445328,0.0258695445328,0.0258695445328,0.0258695445328,0.0258695445328,0.0258695445328
img_00620.jpg,0.781815185535,0.0311692592093,0.0311692592093,0.0311692592093,0.0311692592093,0.0311692592093,0.0311692592093,0.0311692592093
img_00642.jpg,0.192162446824,0.115405364739,0.115405364739,0.115405364739,0.115405364739,0.115405364739,0.115405364739,0.115405364739
img_00646.jpg,0.0269819685697,0.0269819685697,0.0269819685697,0.0269819685697,0.0269819685697,0.0269819685697,0.0269819685697,0.811126220012
img_00648.jpg,0.742885751338,0.0367306069518,0.0367306069518,0.0367306069518,0.0367306069518,0.0367306069518,0.0367306069518,0.0367306069518
img_00650.jpg,0.125,0.125,0.125,0.125,0.125,0.125,0.125,0.125
img_00654.jpg,0.799363159323,0.028662405811,0.028662405811,0.028662405811,0.028662405811,0.028662405811,0.028662405811,0.028662405811
img_00664.jpg,0.802294310647,0.0282436699076,0.0282436699076,0.0282436699076,0.0282436699076,0.0282436699076,0.0282436699076,0.0282436699076
img_00667.jpg,0.0315624626214,0.0315624626214,0.0315624626214,0.0315624626214,0.77906276165,0.0315624626214,0.0315624626214,0.0315624626214
img_00676.jpg,0.0551305894771,0.0551305894771,0.0551305894771,0.0551305894771,0.0551305894771,0.0551305894771,0.0551305894771,0.61408587366
img_00697.jpg,0.0223368330614,0.0223368330614,0.0223368330614,0.0223368330614,0.0223368330614,0.0223368330614,0.0223368330614,0.84364216857
img_00708.jpg,0.775651875634,0.0320497320522,0.0320497320522,0.0320497320522,0.0320497320522,0.0320497320522,0.0320497320522,0.0320497320522
img_00716.jpg,0.583588950436,0.0594872927949,0.0594872927949,0.0594872927949,0.0594872927949,0.0594872927949,0.0594872927949,0.0594872927949
img_00717.jpg,0.558424093024,0.0630822724252,0.0630822724252,0.0630822724252,0.0630822724252,0.0630822724252,0.0630822724252,0.0630822724252
img_00718.jpg,0.795469664296,0.0292186193863,0.0292186193863,0.0292186193863,0.0292186193863,0.0292186193863,0.0292186193863,0.0292186193863
img_00723.jpg,0.021204404608,0.021204404608,0.021204404608,0.021204404608,0.851569167744,0.021204404608,0.021204404608,0.021204404608
img_00724.jpg,0.125,0.125,0.125,0.125,0.125,0.125,0.125,0.125
img_00726.jpg,0.806740773538,0.0276084609231,0.0276084609231,0.0276084609231,0.0276084609231,0.0276084609231,0.0276084609231,0.0276084609231
img_00729.jpg,0.799327390559,0.0286675156345,0.0286675156345,0.0286675156345,0.0286675156345,0.0286675156345,0.0286675156345,0.0286675156345
img_00730.jpg,0.0336062043383,0.0336062043383,0.0336062043383,0.0336062043383,0.0336062043383,0.0336062043383,0.0336062043383,0.764756569632
img_00757.jpg,0.445070556998,0.0792756347146,0.0792756347146,0.0792756347146,0.0792756347146,0.0792756347146,0.0792756347146,0.0792756347146
img_00760.jpg,0.11019925546,0.11019925546,0.11019925546,0.0804911840264,0.11019925546,0.11019925546,0.11019925546,0.258313283216
img_00763.jpg,0.125,0.125,0.125,0.125,0.125,0.125,0.125,0.125
img_00764.jpg,0.0295608990657,0.0295608990657,0.0295608990657,0.0295608990657,0.0295608990657,0.0295608990657,0.0295608990657,0.79307370654
img_00765.jpg,0.251130493969,0.106981358004,0.106981358004,0.106981358004,0.106981358004,0.106981358004,0.106981358004,0.106981358004
img_00772.jpg,0.0241478332669,0.0241478332669,0.051541576914,0.0241478332669,0.0241478332669,0.0241478332669,0.0241478332669,0.803571423485
img_00773.jpg,0.0724259558027,0.0724259558027,0.493018309381,0.0724259558027,0.0724259558027,0.0724259558027,0.0724259558027,0.0724259558027
img_00777.jpg,0.761911215521,0.034012683497,0.034012683497,0.034012683497,0.034012683497,0.034012683497,0.034012683497,0.034012683497
img_00780.jpg,0.0857610573824,0.0857610573824,0.0857610573824,0.0857610573824,0.0857610573824,0.0857610573824,0.0857610573824,0.399672598323
img_00798.jpg,0.636369482087,0.0519472168447,0.0519472168447,0.0519472168447,0.0519472168447,0.0519472168447,0.0519472168447,0.0519472168447
img_00808.jpg,0.760895426609,0.0341577961988,0.0341577961988,0.0341577961988,0.0341577961988,0.0341577961988,0.0341577961988,0.0341577961988
img_00816.jpg,0.79443213971,0.0293668371842,0.0293668371842,0.0293668371842,0.0293668371842,0.0293668371842,0.0293668371842,0.0293668371842
img_00828.jpg,0.0545136814977,0.0545136814977,0.0545136814977,0.0545136814977,0.618404229516,0.0545136814977,0.0545136814977,0.0545136814977
img_00833.jpg,0.536883642829,0.0328356103492,0.0328356103492,0.0328356103492,0.0328356103492,0.0328356103492,0.0328356103492,0.266102695075
img_00837.jpg,0.832976041738,0.023860565466,0.023860565466,0.023860565466,0.023860565466,0.023860565466,0.023860565466,0.023860565466
img_00855.jpg,0.125,0.125,0.125,0.125,0.125,0.125,0.125,0.125
img_00857.jpg,0.763960899167,0.0337198715475,0.0337198715475,0.0337198715475,0.0337198715475,0.0337198715475,0.0337198715475,0.0337198715475
img_00858.jpg,0.789899373603,0.0300143751995,0.0300143751995,0.0300143751995,0.0300143751995,0.0300143751995,0.0300143751995,0.0300143751995
img_00865.jpg,0.584769384362,0.0593186593769,0.0593186593769,0.0593186593769,0.0593186593769,0.0593186593769,0.0593186593769,0.0593186593769
img_00876.jpg,0.0739072176033,0.0739072176033,0.0739072176033,0.0739072176033,0.0739072176033,0.0739072176033,0.0739072176033,0.482649476777
img_00889.jpg,0.0185949364847,0.0185949364847,0.579355445472,0.0185949364847,0.0185949364847,0.0185949364847,0.0185949364847,0.30907493562
img_00894.jpg,0.105416463449,0.105416463449,0.105416463449,0.105416463449,0.105416463449,0.105416463449,0.105416463449,0.262084755857
img_00902.jpg,0.0959385831211,0.0377644479399,0.0377644479399,0.0377644479399,0.0377644479399,0.0377644479399,0.677474729239,0.0377644479399
img_00914.jpg,0.0260135406276,0.0260135406276,0.0260135406276,0.0260135406276,0.0260135406276,0.0260135406276,0.0260135406276,0.817905215607
img_00921.jpg,0.1027874366,0.1027874366,0.1027874366,0.1027874366,0.1027874366,0.1027874366,0.280487943801,0.1027874366
img_00927.jpg,0.125,0.125,0.125,0.125,0.125,0.125,0.125,0.125
img_00943.jpg,0.772421949971,0.0325111500042,0.0325111500042,0.0325111500042,0.0325111500042,0.0325111500042,0.0325111500042,0.0325111500042
img_00948.jpg,0.0260799595572,0.0260799595572,0.0260799595572,0.0260799595572,0.0260799595572,0.0260799595572,0.0260799595572,0.8174402831
img_00950.jpg,0.03439347549,0.03439347549,0.03439347549,0.03439347549,0.75924567157,0.03439347549,0.03439347549,0.03439347549
img_00959.jpg,0.799388486865,0.0286587875907,0.0286587875907,0.0286587875907,0.0286587875907,0.0286587875907,0.0286587875907,0.0286587875907
img_00962.jpg,0.0303416482973,0.0303416482973,0.0338635971494,0.0303416482973,0.0303416482973,0.0303416482973,0.0303416482973,0.784086513067
img_00964.jpg,0.0415205389254,0.0415205389254,0.0415205389254,0.0415205389254,0.0415205389254,0.0415205389254,0.0415205389254,0.709356227522
img_00966.jpg,0.125,0.125,0.125,0.125,0.125,0.125,0.125,0.125
img_00974.jpg,0.056858003023,0.056858003023,0.056858003023,0.056858003023,0.056858003023,0.056858003023,0.056858003023,0.601993978839
img_00979.jpg,0.0281190203415,0.0281190203415,0.0281190203415,0.0281190203415,0.0281190203415,0.0281190203415,0.0281190203415,0.803166857609
img_00982.jpg,0.125,0.125,0.125,0.125,0.125,0.125,0.125,0.125
img_00985.jpg,0.125,0.125,0.125,0.125,0.125,0.125,0.125,0.125
img_00999.jpg,0.125,0.125,0.125,0.125,0.125,0.125,0.125,0.125
img_01022.jpg,0.750010007437,0.0357128560805,0.0357128560805,0.0357128560805,0.0357128560805,0.0357128560805,0.0357128560805,0.0357128560805
img_01031.jpg,0.209925601774,0.0631888857362,0.0631888857362,0.0631888857362,0.0631888857362,0.410941083808,0.0631888857362,0.0631888857362
img_01035.jpg,0.77905633286,0.0315633810201,0.0315633810201,0.0315633810201,0.0315633810201,0.0315633810201,0.0315633810201,0.0315633810201
img_01043.jpg,0.0317302361121,0.0317302361121,0.0317302361121,0.0317302361121,0.777888347215,0.0317302361121,0.0317302361121,0.0317302361121
img_01058.jpg,0.768737776854,0.0330374604494,0.0330374604494,0.0330374604494,0.0330374604494,0.0330374604494,0.0330374604494,0.0330374604494
img_01059.jpg,0.194547408576,0.115064655918,0.115064655918,0.115064655918,0.115064655918,0.115064655918,0.115064655918,0.115064655918
img_01090.jpg,0.0258713396811,0.0258713396811,0.0258713396811,0.0258713396811,0.818900622233,0.0258713396811,0.0258713396811,0.0258713396811
img_01102.jpg,0.125,0.125,0.125,0.125,0.125,0.125,0.125,0.125
img_01103.jpg,0.544874276678,0.0650179604745,0.0650179604745,0.0650179604745,0.0650179604745,0.0650179604745,0.0650179604745,0.0650179604745
img_01116.jpg,0.0972274688482,0.0972274688482,0.0972274688482,0.0972274688482,0.0972274688482,0.0972274688482,0.0972274688482,0.319407718063
img_01134.jpg,0.80250354899,0.0282137787157,0.0282137787157,0.0282137787157,0.0282137787157,0.0282137787157,0.0282137787157,0.0282137787157
img_01142.jpg,0.813475972943,0.0266462895795,0.0266462895795,0.0266462895795,0.0266462895795,0.0266462895795,0.0266462895795,0.0266462895795
img_01168.jpg,0.438580050904,0.0254217186962,0.0254217186962,0.0254217186962,0.408889636919,0.0254217186962,0.0254217186962,0.0254217186962
img_01171.jpg,0.125,0.125,0.125,0.125,0.125,0.125,0.125,0.125
img_01177.jpg,0.812905044536,0.0267278507806,0.0267278507806,0.0267278507806,0.0267278507806,0.0267278507806,0.0267278507806,0.0267278507806
img_01179.jpg,0.691100187426,0.0441285446534,0.0441285446534,0.0441285446534,0.0441285446534,0.0441285446534,0.0441285446534,0.0441285446534
img_01188.jpg,0.109724917115,0.109724917115,0.109724917115,0.109724917115,0.109724917115,0.231925580197,0.109724917115,0.109724917115
img_01198.jpg,0.739427781384,0.0372246026594,0.0372246026594,0.0372246026594,0.0372246026594,0.0372246026594,0.0372246026594,0.0372246026594
img_01204.jpg,0.0290938625037,0.0290938625037,0.0290938625037,0.0290938625037,0.796342962474,0.0290938625037,0.0290938625037,0.0290938625037
img_01208.jpg,0.0336062424841,0.0336062424841,0.0336062424841,0.0336062424841,0.764756302611,0.0336062424841,0.0336062424841,0.0336062424841
img_01211.jpg,0.718623195332,0.0401966863811,0.0401966863811,0.0401966863811,0.0401966863811,0.0401966863811,0.0401966863811,0.0401966863811
img_01213.jpg,0.614584765022,0.0550593192826,0.0550593192826,0.0550593192826,0.0550593192826,0.0550593192826,0.0550593192826,0.0550593192826
img_01222.jpg,0.686510516998,0.0447842118574,0.0447842118574,0.0447842118574,0.0447842118574,0.0447842118574,0.0447842118574,0.0447842118574
img_01224.jpg,0.125,0.125,0.125,0.125,0.125,0.125,0.125,0.125
img_01237.jpg,0.106773055527,0.106773055527,0.106773055527,0.106773055527,0.252588611308,0.106773055527,0.106773055527,0.106773055527
img_01249.jpg,0.0647519328828,0.0647519328828,0.0647519328828,0.0647519328828,0.54673646982,0.0647519328828,0.0647519328828,0.0647519328828
img_01253.jpg,0.0345534562543,0.0345534562543,0.0345534562543,0.0345534562543,0.0345534562543,0.0345534562543,0.0345534562543,0.75812580622
img_01286.jpg,0.0826446008314,0.0826446008314,0.0826446008314,0.0826446008314,0.42148779418,0.0826446008314,0.0826446008314,0.0826446008314
img_01289.jpg,0.515072987538,0.0692752874946,0.0692752874946,0.0692752874946,0.0692752874946,0.0692752874946,0.0692752874946,0.0692752874946
img_01325.jpg,0.0500957495908,0.0500957495908,0.0500957495908,0.0500957495908,0.0500957495908,0.0500957495908,0.0500957495908,0.649329752864
img_01328.jpg,0.125,0.125,0.125,0.125,0.125,0.125,0.125,0.125
img_01366.jpg,0.125,0.125,0.125,0.125,0.125,0.125,0.125,0.125
img_01371.jpg,0.737888140639,0.0328597448894,0.0328597448894,0.0328597448894,0.0649533900252,0.0328597448894,0.0328597448894,0.0328597448894
img_01373.jpg,0.744519045736,0.0364972791806,0.0364972791806,0.0364972791806,0.0364972791806,0.0364972791806,0.0364972791806,0.0364972791806
img_01377.jpg,0.525058425816,0.067848796312,0.067848796312,0.067848796312,0.067848796312,0.067848796312,0.067848796312,0.067848796312
img_01379.jpg,0.702947277947,0.0424361031504,0.0424361031504,0.0424361031504,0.0424361031504,0.0424361031504,0.0424361031504,0.0424361031504
img_01384.jpg,0.0312210640799,0.0312210640799,0.0312210640799,0.0312210640799,0.781452551441,0.0312210640799,0.0312210640799,0.0312210640799
img_01388.jpg,0.119349748925,0.119349748925,0.119349748925,0.119349748925,0.119349748925,0.164551757527,0.119349748925,0.119349748925
img_01392.jpg,0.0241180632811,0.0241180632811,0.0241180632811,0.0241180632811,0.0241180632811,0.0241180632811,0.0241180632811,0.831173557032
img_01399.jpg,0.0485884334237,0.0485884334237,0.0485884334237,0.0485884334237,0.0485884334237,0.0485884334237,0.0485884334237,0.659880966034
img_01404.jpg,0.735774369524,0.0377465186394,0.0377465186394,0.0377465186394,0.0377465186394,0.0377465186394,0.0377465186394,0.0377465186394
img_01405.jpg,0.634092672409,0.0522724753701,0.0522724753701,0.0522724753701,0.0522724753701,0.0522724753701,0.0522724753701,0.0522724753701
img_01413.jpg,0.772217125098,0.0325404107003,0.0325404107003,0.0325404107003,0.0325404107003,0.0325404107003,0.0325404107003,0.0325404107003
img_01426.jpg,0.749796454067,0.0357433637046,0.0357433637046,0.0357433637046,0.0357433637046,0.0357433637046,0.0357433637046,0.0357433637046
img_01431.jpg,0.0846135415057,0.0846135415057,0.0846135415057,0.468626255691,0.0846135415057,0.0846135415057,0.0846135415057,0.0236924952754
img_01441.jpg,0.0234650624736,0.0234650624736,0.0234650624736,0.0234650624736,0.0234650624736,0.0234650624736,0.0234650624736,0.835744562684
img_01444.jpg,0.0370408068826,0.036288638074,0.036288638074,0.036288638074,0.036288638074,0.036288638074,0.036288638074,0.745227364674
img_01490.jpg,0.026525051588,0.026525051588,0.026525051588,0.026525051588,0.026525051588,0.026525051588,0.026525051588,0.814324638884
img_01495.jpg,0.178272907292,0.117389584673,0.117389584673,0.117389584673,0.117389584673,0.117389584673,0.117389584673,0.117389584673
img_01505.jpg,0.0613701609923,0.0613701609923,0.0613701609923,0.0613701609923,0.570408873054,0.0613701609923,0.0613701609923,0.0613701609923
img_01511.jpg,0.808539110744,0.027351555608,0.027351555608,0.027351555608,0.027351555608,0.027351555608,0.027351555608,0.027351555608
img_01519.jpg,0.0112069375475,0.0354080255654,0.0354080255654,0.0354080255654,0.0354080255654,0.0354080255654,0.0354080255654,0.77634490906
img_01530.jpg,0.125,0.125,0.125,0.125,0.125,0.125,0.125,0.125
img_01537.jpg,0.812326431679,0.0268105097601,0.0268105097601,0.0268105097601,0.0268105097601,0.0268105097601,0.0268105097601,0.0268105097601
img_01538.jpg,0.750042907204,0.0357081561138,0.0357081561138,0.0357081561138,0.0357081561138,0.0357081561138,0.0357081561138,0.0357081561138
img_01541.jpg,0.0531467062844,0.04785926762,0.04785926762,0.04785926762,0.659697687995,0.04785926762,0.04785926762,0.04785926762
img_01543.jpg,0.825221465695,0.0249683620436,0.0249683620436,0.0249683620436,0.0249683620436,0.0249683620436,0.0249683620436,0.0249683620436
img_01548.jpg,0.799388212718,0.0286588267546,0.0286588267546,0.0286588267546,0.0286588267546,0.0286588267546,0.0286588267546,0.0286588267546
img_01552.jpg,0.804446012899,0.0279362838716,0.0279362838716,0.0279362838716,0.0279362838716,0.0279362838716,0.0279362838716,0.0279362838716
img_01561.jpg,0.0237789053691,0.0237789053691,0.0237789053691,0.0237789053691,0.833547662417,0.0237789053691,0.0237789053691,0.0237789053691
img_01562.jpg,0.125,0.125,0.125,0.125,0.125,0.125,0.125,0.125
img_01571.jpg,0.622490926077,0.0539298677033,0.0539298677033,0.0539298677033,0.0539298677033,0.0539298677033,0.0539298677033,0.0539298677033
img_01593.jpg,0.0141944552062,0.147759826946,0.147759826946,0.147759826946,0.147759826946,0.147759826946,0.147759826946,0.0992465831153
img_01595.jpg,0.0384338367017,0.0384338367017,0.0384338367017,0.0384338367017,0.730963143088,0.0384338367017,0.0384338367017,0.0384338367017
img_01616.jpg,0.780249921009,0.0313928684273,0.0313928684273,0.0313928684273,0.0313928684273,0.0313928684273,0.0313928684273,0.0313928684273
img_01618.jpg,0.800965980522,0.028433431354,0.028433431354,0.028433431354,0.028433431354,0.028433431354,0.028433431354,0.028433431354
img_01627.jpg,0.782212420972,0.0311125112897,0.0311125112897,0.0311125112897,0.0311125112897,0.0311125112897,0.0311125112897,0.0311125112897
img_01632.jpg,0.823965050591,0.0251478499155,0.0251478499155,0.0251478499155,0.0251478499155,0.0251478499155,0.0251478499155,0.0251478499155
img_01633.jpg,0.092954124281,0.092954124281,0.092954124281,0.092954124281,0.349321130033,0.092954124281,0.092954124281,0.092954124281
img_01640.jpg,0.727925809697,0.0388677414718,0.0388677414718,0.0388677414718,0.0388677414718,0.0388677414718,0.0388677414718,0.0388677414718
img_01646.jpg,0.803557569421,0.0280632043684,0.0280632043684,0.0280632043684,0.0280632043684,0.0280632043684,0.0280632043684,0.0280632043684
img_01647.jpg,0.0222446894361,0.0222446894361,0.0222446894361,0.0222446894361,0.844287173947,0.0222446894361,0.0222446894361,0.0222446894361
img_01649.jpg,0.709352750911,0.0415210355841,0.0415210355841,0.0415210355841,0.0415210355841,0.0415210355841,0.0415210355841,0.0415210355841
img_01657.jpg,0.0227069806845,0.0227069806845,0.0227069806845,0.0227069806845,0.0227069806845,0.0227069806845,0.0227069806845,0.841051135208
img_01669.jpg,0.0348960042059,0.0348960042059,0.0348960042059,0.740094170456,0.0348960042059,0.0348960042059,0.0348960042059,0.0505298043087
img_01673.jpg,0.767441976697,0.0332225747575,0.0332225747575,0.0332225747575,0.0332225747575,0.0332225747575,0.0332225747575,0.0332225747575
img_01681.jpg,0.0450236982657,0.0450236982657,0.0450236982657,0.0450236982657,0.0450236982657,0.0450236982657,0.0450236982657,0.68483411214
img_01684.jpg,0.705989887892,0.0420014445869,0.0420014445869,0.0420014445869,0.0420014445869,0.0420014445869,0.0420014445869,0.0420014445869
img_01685.jpg,0.0556519494129,0.0556519494129,0.0556519494129,0.0556519494129,0.61043635411,0.0556519494129,0.0556519494129,0.0556519494129
img_01687.jpg,0.0277250106535,0.0277250106535,0.0277250106535,0.0277250106535,0.0277250106535,0.0277250106535,0.0277250106535,0.805924925425
img_01688.jpg,0.11837525576,0.11837525576,0.11837525576,0.11837525576,0.11837525576,0.11837525576,0.11837525576,0.171373209683
img_01689.jpg,0.0459808195889,0.0459808195889,0.0459808195889,0.0459808195889,0.0459808195889,0.680560644115,0.0459808195889,0.0435544383517
img_01716.jpg,0.037452393241,0.037452393241,0.037452393241,0.037452393241,0.037452393241,0.037452393241,0.037452393241,0.737833247313
img_01717.jpg,0.0212672429537,0.0212672429537,0.0212672429537,0.0212672429537,0.851129299324,0.0212672429537,0.0212672429537,0.0212672429537
img_01724.jpg,0.806030939192,0.0277098658297,0.0277098658297,0.0277098658297,0.0277098658297,0.0277098658297,0.0277098658297,0.0277098658297
img_01745.jpg,0.406311333323,0.0848126666682,0.0848126666682,0.0848126666682,0.0848126666682,0.0848126666682,0.0848126666682,0.0848126666682
img_01771.jpg,0.791179640712,0.0298314798982,0.0298314798982,0.0298314798982,0.0298314798982,0.0298314798982,0.0298314798982,0.0298314798982
img_01773.jpg,0.513845549481,0.0694506357885,0.0694506357885,0.0694506357885,0.0694506357885,0.0694506357885,0.0694506357885,0.0694506357885
img_01781.jpg,0.545201369923,0.0649712328682,0.0649712328682,0.0649712328682,0.0649712328682,0.0649712328682,0.0649712328682,0.0649712328682
img_01782.jpg,0.0353869185735,0.0353869185735,0.0353869185735,0.0353869185735,0.752291569985,0.0353869185735,0.0353869185735,0.0353869185735
img_01802.jpg,0.725892994776,0.0391581436034,0.0391581436034,0.0391581436034,0.0391581436034,0.0391581436034,0.0391581436034,0.0391581436034
img_01803.jpg,0.0452994375385,0.0452994375385,0.0452994375385,0.0452994375385,0.0452994375385,0.0452994375385,0.0452994375385,0.682903937231
img_01824.jpg,0.0437546919413,0.0437546919413,0.0437546919413,0.0437546919413,0.693717156411,0.0437546919413,0.0437546919413,0.0437546919413
img_01825.jpg,0.0265038277266,0.814473205914,0.0265038277266,0.0265038277266,0.0265038277266,0.0265038277266,0.0265038277266,0.0265038277266
img_01831.jpg,0.658427463556,0.0403487314412,0.0403487314412,0.0994801477965,0.0403487314412,0.0403487314412,0.0403487314412,0.0403487314412
img_01834.jpg,0.114861969785,0.114861969785,0.114861969785,0.114861969785,0.114861969785,0.195966211506,0.114861969785,0.114861969785
img_01847.jpg,0.0301687452589,0.0301687452589,0.0301687452589,0.0301687452589,0.0301687452589,0.0301687452589,0.0301687452589,0.788818783188
img_01853.jpg,0.125,0.125,0.125,0.125,0.125,0.125,0.125,0.125
img_01856.jpg,0.78739761727,0.0303717689615,0.0303717689615,0.0303717689615,0.0303717689615,0.0303717689615,0.0303717689615,0.0303717689615
img_01860.jpg,0.73420528943,0.0379706729386,0.0379706729386,0.0379706729386,0.0379706729386,0.0379706729386,0.0379706729386,0.0379706729386
img_01862.jpg,0.808808602649,0.0273130567644,0.0273130567644,0.0273130567644,0.0273130567644,0.0273130567644,0.0273130567644,0.0273130567644
img_01874.jpg,0.112716190254,0.112716190254,0.112716190254,0.112716190254,0.210986668221,0.112716190254,0.112716190254,0.112716190254
img_01888.jpg,0.675743407855,0.0463223703064,0.0463223703064,0.0463223703064,0.0463223703064,0.0463223703064,0.0463223703064,0.0463223703064
img_01918.jpg,0.0221883978141,0.210199193734,0.127935401409,0.127935401409,0.127935401409,0.127935401409,0.127935401409,0.127935401409
img_01930.jpg,0.753432543187,0.0352239224018,0.0352239224018,0.0352239224018,0.0352239224018,0.0352239224018,0.0352239224018,0.0352239224018
img_01932.jpg,0.700091303817,0.0428440994547,0.0428440994547,0.0428440994547,0.0428440994547,0.0428440994547,0.0428440994547,0.0428440994547
img_01955.jpg,0.0314640100755,0.0314640100755,0.0314640100755,0.0314640100755,0.0314640100755,0.0314640100755,0.0314640100755,0.779751929472
img_01963.jpg,0.31359617751,0.101724849778,0.101724849778,0.101724849778,0.101724849778,0.101724849778,0.101724849778,0.0760547238239
img_01966.jpg,0.826567581792,0.024776059744,0.024776059744,0.024776059744,0.024776059744,0.024776059744,0.024776059744,0.024776059744
img_01976.jpg,0.810118557476,0.0271259203606,0.0271259203606,0.0271259203606,0.0271259203606,0.0271259203606,0.0271259203606,0.0271259203606
img_01983.jpg,0.0810484140086,0.0810484140086,0.0810484140086,0.0810484140086,0.43266110194,0.0810484140086,0.0810484140086,0.0810484140086
img_01984.jpg,0.0238395310556,0.0238395310556,0.0238395310556,0.0238395310556,0.0238395310556,0.0238395310556,0.0238395310556,0.833123282611
img_01995.jpg,0.125,0.125,0.125,0.125,0.125,0.125,0.125,0.125
img_01996.jpg,0.035250316254,0.035250316254,0.035250316254,0.035250316254,0.035250316254,0.753247786222,0.035250316254,0.035250316254
img_02001.jpg,0.117129471636,0.117129471636,0.117129471636,0.117129471636,0.117129471636,0.0567597591485,0.240463411035,0.117129471636
img_02006.jpg,0.351531622803,0.0670976499236,0.0670976499236,0.0670976499236,0.0670976499236,0.0670976499236,0.0670976499236,0.245882477656
img_02066.jpg,0.800675059536,0.0284749914949,0.0284749914949,0.0284749914949,0.0284749914949,0.0284749914949,0.0284749914949,0.0284749914949
img_02074.jpg,0.757331344187,0.0346669508304,0.0346669508304,0.0346669508304,0.0346669508304,0.0346669508304,0.0346669508304,0.0346669508304
img_02076.jpg,0.0467028612631,0.0467028612631,0.0467028612631,0.0467028612631,0.673079971159,0.0467028612631,0.0467028612631,0.0467028612631
img_02077.jpg,0.0283186231413,0.0283186231413,0.0283186231413,0.801769638011,0.0283186231413,0.0283186231413,0.0283186231413,0.0283186231413
img_02078.jpg,0.0195298630575,0.0195298630575,0.0195298630575,0.0195298630575,0.863290958598,0.0195298630575,0.0195298630575,0.0195298630575
img_02082.jpg,0.0142841163698,0.140816554804,0.140816554804,0.140816554804,0.140816554804,0.140816554804,0.140816554804,0.140816554804
img_02083.jpg,0.0245131208047,0.0245131208047,0.0245131208047,0.0245131208047,0.828408154367,0.0245131208047,0.0245131208047,0.0245131208047
img_02096.jpg,0.792092992736,0.0297010010377,0.0297010010377,0.0297010010377,0.0297010010377,0.0297010010377,0.0297010010377,0.0297010010377
img_02119.jpg,0.640584225604,0.051345110628,0.051345110628,0.051345110628,0.051345110628,0.051345110628,0.051345110628,0.051345110628
img_02124.jpg,0.0320020618337,0.0320020618337,0.0320020618337,0.0320020618337,0.0320020618337,0.775985567164,0.0320020618337,0.0320020618337
img_02135.jpg,0.0609530455402,0.0609530455402,0.0609530455402,0.0609530455402,0.573328681219,0.0609530455402,0.0609530455402,0.0609530455402
img_02146.jpg,0.830916068721,0.0241548473256,0.0241548473256,0.0241548473256,0.0241548473256,0.0241548473256,0.0241548473256,0.0241548473256
img_02159.jpg,0.615875028521,0.0548749959255,0.0548749959255,0.0548749959255,0.0548749959255,0.0548749959255,0.0548749959255,0.0548749959255
img_02172.jpg,0.812577338855,0.0267746658779,0.0267746658779,0.0267746658779,0.0267746658779,0.0267746658779,0.0267746658779,0.0267746658779
img_02180.jpg,0.100713478647,0.100713478647,0.100713478647,0.100713478647,0.100713478647,0.100713478647,0.100713478647,0.295005649471
img_02188.jpg,0.723564089983,0.0394908442881,0.0394908442881,0.0394908442881,0.0394908442881,0.0394908442881,0.0394908442881,0.0394908442881
img_02194.jpg,0.711449497279,0.0412215003887,0.0412215003887,0.0412215003887,0.0412215003887,0.0412215003887,0.0412215003887,0.0412215003887
img_02209.jpg,0.061516945262,0.061516945262,0.061516945262,0.061516945262,0.061516945262,0.0254631814953,0.605435146933,0.061516945262
img_02216.jpg,0.0432083053939,0.617668655862,0.0432083053939,0.0432083053939,0.0432083053939,0.0432083053939,0.0432083053939,0.123081511774
img_02231.jpg,0.712576705401,0.041060470657,0.041060470657,0.041060470657,0.041060470657,0.041060470657,0.041060470657,0.041060470657
img_02235.jpg,0.125,0.125,0.125,0.125,0.125,0.125,0.125,0.125
img_02252.jpg,0.586470381135,0.0475162561342,0.0475162561342,0.0475162561342,0.0475162561342,0.0475162561342,0.0475162561342,0.12843208206
img_02268.jpg,0.791824907334,0.0297392989522,0.0297392989522,0.0297392989522,0.0297392989522,0.0297392989522,0.0297392989522,0.0297392989522
img_02270.jpg,0.782394040614,0.0310865656266,0.0310865656266,0.0310865656266,0.0310865656266,0.0310865656266,0.0310865656266,0.0310865656266
img_02281.jpg,0.0602260391038,0.134253422985,0.134253422985,0.134253422985,0.134253422985,0.134253422985,0.134253422985,0.134253422985
img_02282.jpg,0.0254064937139,0.0254064937139,0.0254064937139,0.0254064937139,0.0254064937139,0.0254064937139,0.0254064937139,0.822154544003
img_02285.jpg,0.799935707081,0.0285806132741,0.0285806132741,0.0285806132741,0.0285806132741,0.0285806132741,0.0285806132741,0.0285806132741
img_02291.jpg,0.826056831146,0.024849024122,0.024849024122,0.024849024122,0.024849024122,0.024849024122,0.024849024122,0.024849024122
img_02299.jpg,0.738997953534,0.037286006638,0.037286006638,0.037286006638,0.037286006638,0.037286006638,0.037286006638,0.037286006638
img_02305.jpg,0.125,0.125,0.125,0.125,0.125,0.125,0.125,0.125
img_02307.jpg,0.0435313482062,0.695280562557,0.0435313482062,0.0435313482062,0.0435313482062,0.0435313482062,0.0435313482062,0.0435313482062
img_02309.jpg,0.724713562633,0.0393266339096,0.0393266339096,0.0393266339096,0.0393266339096,0.0393266339096,0.0393266339096,0.0393266339096
img_02318.jpg,0.0246116680052,0.0246116680052,0.0246116680052,0.0246116680052,0.0246116680052,0.0246116680052,0.0246116680052,0.827718323964
img_02347.jpg,0.139901660073,0.0474064862335,0.0474064862335,0.0474064862335,0.575659422526,0.0474064862335,0.0474064862335,0.0474064862335
img_02356.jpg,0.0296329293336,0.0296329293336,0.0296329293336,0.0296329293336,0.0296329293336,0.0296329293336,0.0296329293336,0.792569494665
img_02367.jpg,0.780530212377,0.0313528268033,0.0313528268033,0.0313528268033,0.0313528268033,0.0313528268033,0.0313528268033,0.0313528268033
img_02372.jpg,0.0244068328307,0.0244068328307,0.0244068328307,0.0244068328307,0.829152170185,0.0244068328307,0.0244068328307,0.0244068328307
img_02379.jpg,0.0331025673441,0.0331025673441,0.0331025673441,0.0331025673441,0.0331025673441,0.0331025673441,0.0331025673441,0.768282028592
img_02384.jpg,0.675419694339,0.0463686150944,0.0463686150944,0.0463686150944,0.0463686150944,0.0463686150944,0.0463686150944,0.0463686150944
img_02398.jpg,0.742976234453,0.0367176807924,0.0367176807924,0.0367176807924,0.0367176807924,0.0367176807924,0.0367176807924,0.0367176807924
img_02400.jpg,0.775914113869,0.0320122694473,0.0320122694473,0.0320122694473,0.0320122694473,0.0320122694473,0.0320122694473,0.0320122694473
img_02406.jpg,0.0302887191559,0.0302887191559,0.0302887191559,0.787978965909,0.0302887191559,0.0302887191559,0.0302887191559,0.0302887191559
img_02412.jpg,0.758550017058,0.034492854706,0.034492854706,0.034492854706,0.034492854706,0.034492854706,0.034492854706,0.034492854706
img_02416.jpg,0.105320298664,0.105320298664,0.105320298664,0.105320298664,0.105320298664,0.105320298664,0.105320298664,0.262757909352
img_02422.jpg,0.125,0.125,0.125,0.125,0.125,0.125,0.125,0.125
